
// 1024 random UInt64 values, generated with Swift's built-in RNG with no particular seed

15403433861872509957
927100389364252042
9606481548224991861
12266634767488904597
16674227566842544465
2258931497938912846
7092527215231590166
895391881476102766
14777612489580991060
2115896468994507687
10845894528487856419
16820313624255809883
14017577093051596788
7964028684061227243
18403307566827024024
17574350009630229538
18364075788614641256
11285046761710941525
6845444386019734569
14835463841695593476
7247948044088108400
15891820074572491601
5527744195351423206
10161463025188617814
5806789123880832182
17964075396809459246
10298954540084111357
1991201304823593059
5685279785965553307
15890799452094791491
17041979721253416243
7049073902124180008
9055087628111449215
6165200352672353724
12808766471069807871
11407701054955248919
14637517068010259106
1387283021959681664
18131441803139560702
9334864771252049781
5963037087493661825
15312772431383572273
788810808179416488
5157910208542915254
2296025827654665612
13065915385073808932
15061025033113227063
5128861669947204243
13263322921057122216
9921289416032170512
5076946588141615819
9683101436098143871
11875903869220106358
1131894687490447640
9235723757533526128
2217439098480273013
4457626353481654274
16740741814924119333
18083560279798537985
7681833090968024693
8284629909841706197
632928869302602299
4166590545821527684
16870898691252661675
18046159060420844214
10071088336323479366
18217617992046702938
12536956933868897786
7329533803573036752
16359343343888855585
9477077769716416325
8906129287806931025
18371176401791331149
15598442391107955560
5549447582775928961
5363545379844270992
1974124166082008841
9877931090736841030
1718310970567327547
8737623457922617204
15040541806257515024
13649554570654931430
694881480490894865
10567614847371534925
2485983077558128234
4196891106671930407
9589821694551651621
16424370218129914927
11925895509836381316
13141623996680451793
10001550750205104664
2393527970246391073
15150523034722577109
18094323438831752117
4059387648278342784
3854873388519290683
11775483469186644678
10831222306323744465
3851203475818837796
14133383068006243978
6999299363412481882
5681587693108229085
13838021184371308485
7874313838011630957
6074040940849100164
8453807546750452568
1046648673909121889
17311984197074204395
4768066409527272395
13450946384683495297
3756269149168447037
9905913487120453721
9345575994036384633
10401580478374005509
8591524472622849525
273663914906826689
17900544494684780305
11346279941451888089
7674546343009988859
11360358760129982932
9100329190974637589
9606093319404204375
18341160449372375904
2566933726123209087
8966664920566816098
1610452459723967962
4237724150833406784
4237297771305753559
1626939471624272284
15958502985454184790
8705103861595250898
16832805411461610305
2874018104297402459
7180047457295772864
5060581948561820405
14604874934341188536
13054706821775101237
14681610967425827232
10197549275691122681
5012587867855040010
10260174344296287253
11249610737495262824
6979587611748687339
15069266989368797165
9667023452780141885
16022805677489873307
8639196164814490947
2520038001784200633
9326769079139140338
214437526753370347
2111299296604484329
2441363963274439631
16980364524451093738
10530414400471834478
6740151539690710841
12270373036915985937
13471767053167251794
6454213098595809290
11607887641411959697
9848422954832326589
9469034262415599664
1478931833529686299
16644765578960431680
7938328581350503873
1096819295446021401
16274271690175046089
13902708888891600937
2831122836248711576
15429181396631150086
17974749844782900378
6655460503575537252
15757404750172434365
15333655139568940234
16924441339903490991
2730375989295818123
2712417825196398000
5344363714877949563
13218687171007708421
11265524244258565949
2788664777675213845
18004663624475792648
3466255759729148841
15920029526166568304
15096452355213567657
12110232702120989049
3236457590220758367
13509246673122528438
10926667988718562646
2570888344377007776
14703463849183663702
7470660456361926129
16870184156092356778
8188749534447605651
13179596480506604520
14316743116458922944
16227762609623632563
10589128571434469350
1223359181088847922
3214181093588799426
5165989659289750784
15548019192174346293
121303779830892257
12359795521456038576
11642529951506421117
9168943695223817479
5322210628489942226
6522927659001970265
1885558740419660145
8869510251321245209
7556584077201087648
14310023094864188318
3679909288152676252
14789413701036684361
9138566157137450374
579746208288027002
18095710386473295890
14946397174936009926
4635387223559388891
338345912936420657
6994485063719017285
3777944214237716607
2583587645964899758
11811131608731051044
5059643567419882128
11815644095398001280
14547570653848717848
7706940434303812791
2001386532798554394
14541662973421592815
8025888876072053804
15138684873060586068
16808609540519963962
4205809592709105887
9818537984235230684
6753589038927964559
7830896718985066075
4635472147916751860
13740992857930587827
17505792195312321109
2096944031428709562
11575416457397868437
1890191375411069993
5501103984759439408
14680000855902955071
3100111994883774752
1817523410209393536
3869622259220383407
16678998968375743551
15502420438868914048
16175251439016513215
11389130911051135546
5703332235447532198
9162942339803265402
15968701434602251903
16125678428471177679
8423412644344883763
8538159341504516682
8464885727541271749
8282462499225916673
13945429308119290496
9569636414601920265
13486006566994331054
6345006820347568941
854155100615095026
14924789296311161861
4646337736099793263
12143605552265805
1872040104427765495
9310022670539145351
1282719480593947420
12113380263960979398
15204531552425420019
14660080711161651030
745814043080632495
10981695330639303255
15767887808574148470
943473537692206485
8540729758495586512
15403779082798537245
14754367579661837925
15316324907129282830
17226825379968151354
8815710020633445813
12687933883237026987
3913329679106153393
14562958033601345154
8489469322108466007
10996153888735466195
4116080118624290029
2204868688604988461
4669943597467911380
1654037024365768505
16973722169492780389
10612176151939034849
12896534192422460901
8141663566883154039
13325593374730924382
18091629547347595920
6037116395772887612
1211151091626393267
625664030516648650
947306064062544417
11583785458782971380
11720219735749467786
15420898991203538179
4197210466086089862
2072201867911961321
2537948050541714366
17791898836577563923
5076312315375770888
15006183055986436207
13315551320996128094
7954842290392366991
2862164706763129208
1982640730964512656
16898834676370965415
10941429511123336992
11918246492043245485
7798567576947337901
8842778259624912422
5801056264980294831
9177486976955823014
12074922996511941897
16531507413601818557
12698047388428668952
562649494360669751
2900756801088137303
17063264797610791772
17455194708327302027
15088978708529218801
16739504089406054132
16691236843648816546
11773625034036405785
6858590044053668060
7873184521051444286
9677298508513502073
10181278768237731572
5519177190321588766
9721257526575737375
14901887056412162112
4631067115199418417
3129977231612889837
11986205074002753239
11627477445431067575
9532312206139347036
16109974128966750313
2283379483408214469
13223765977641018072
1880594148219542063
14554374079575432019
10094200958012328904
9027374954768138388
1954130494669250349
12094210401291432817
2900743822037298756
5209308484794407801
7555052959512288980
3629542199132462301
9659035108596311338
1231176090829465117
17512575886507222516
8942110364537788046
13288934409975972079
3920256297458169089
2536735632104478142
1888220322808645767
7834104550708894165
12528960340594121780
9736615539698788362
12178716680584946122
15968612303410022270
5662281258253662309
5968017444453094387
18019384567445105799
18052764049928737237
11997691967697331851
8914799596309455693
3800284522254017534
3974476597432591018
4857714413892054653
5469140857994453549
9225046799473061667
13483478524333499268
12677584121523393240
948854825120590043
1259553806714481953
6564676225697960702
866201894010714234
12138460227768832104
11516458153010827658
987533580058830022
18298180708380126020
11726245032315315523
13813808440288278840
3258308999625382727
6013232166607158634
2580667741206676618
2145875785243207685
571211448492082384
7167727806493789211
13662836237740142403
9577233962368629270
14742451786737292460
216805942588380201
18371032482330908279
3453789339219250486
13761570262672601712
6216130106979859930
17729375046163107653
12307343488357059280
4422760260107876605
10485489983177044684
12741300690093194128
12170580435704890218
14591347393132545383
10308127784168453016
10894365330376913389
62551632832351390
15199996205836360924
12402242382705064383
697128389843264388
3184458025214677824
1252111024406937884
6800983919962659516
10897715989395174964
17488373715151361137
2767515709870013691
8802719359669506721
1934891906324041567
781441767324252002
877667553491758762
17382220201992554798
7839303779528046388
4034570224313894718
13896395800283552228
18376397353782433533
2502053244908502694
9880420075859224415
15756996097633537085
12663435872463076250
10893820229135908726
17042378676891312551
9779024860514868132
8092328008626150053
8300089199146291170
4912096040330316740
17942867042546122465
16597081424756090102
1868349348803068448
1143989905928464047
7885062458530222303
4723917374788985648
168339625458676724
11424183385425826095
1404771685788703979
10711061731111051471
5015510544888951521
7641407181177663399
7378080236914709153
4411779660574627946
12813069070437542726
3694832030023693973
15909059436780574950
17035280277869925170
8148184065547448300
15880773655992708415
7659654570546753553
6109369822796685215
10325855197082723750
16752440186848914233
13287565796968136259
11001259864739845208
14966983459704305714
15097122329754893554
2586118819936147849
4694166277734352838
6265869843813911071
1169104050067435097
14333639664946074846
13692233629290617994
2766305026432701777
3052377346096690369
605031915973937547
5216845210454670166
514914691492800620
6325977566345076333
15180844113010102613
11101869602763684577
14009381430121243487
9657137862992021799
6268511832743360947
18072957530830068062
17876752957205262920
3992022414256679784
3137405552103971310
12646457051814838745
412201229565541984
1767331581629977086
9688238182099188608
14563952522032915694
728343074089936865
1762983002025691510
15078987801893175720
3530711133179269385
2529640813948725577
8952680427732155056
16734920050936575949
14923635717236988796
1314841844433911676
12969661457377395013
2691623205694408719
5946285832661603475
16347013711526482968
5555999406037883470
3097997447280083808
12344753880657070430
6543195220371014739
3535530096656602407
1581513826596100108
16595807059553808555
4804209134170239951
4177556326372144503
1856319090897525857
16593489113910532270
15163764510443231804
6449861821170418199
5486452861114682404
2090856818466703741
1969309203775311918
6050074285455045087
7683073886943399218
863701043694750600
11399976211259266420
1865483674001677494
5311016574052875630
18360048631807394119
5440386915654894319
16908240134799544942
18208762750358465329
11601677378828184168
5895443081861760864
18022251125224573252
10274427826673410713
16643560458491824267
3664909611835003028
15905905555498432630
11272115648117633906
156921624737766339
6839231317522642042
7561803247226735527
8122415508607624098
3518623324279805889
2802006787897101244
14931157855056941815
17609619229497399776
12622045429078780472
8556952907134199871
9966736486969592812
3265598353257261704
2602423805061778196
15340609300886053455
2717110759988532365
1132050454194071907
7660105809411439185
4886585760137414849
14951775878435958178
13241966405451551150
417444629661246560
5019314146315119270
369371067811168027
7205991653973725331
4987013338391168730
10995760920936685764
13222332903795202960
4483165700389704388
622095024813077270
7761634351981566050
5752087729923354701
16468070432124036939
11924011445557151010
9040865616545653107
13430802311455130945
535941867777871133
13752533222621095971
13202983075077070257
6626958469114769101
17051724836611930631
16351921509095717191
2297685416727296570
4088919997393816043
7277609641123157798
4473473139192522985
14034959984113512805
7438480290979939158
5358837959208143297
11701462806849354713
6384019055514061506
9510755282121016483
9443428330633896223
14217580903892550497
6357693008514258122
3924537156808547617
11647763283685227212
14879207952509911844
8360428770231990276
16662616240482744166
12748107748357628523
8025895607095088699
4913438076761382618
619161136131293377
11222987632759079461
16684666999009430830
5934382492344732138
13460893349826757914
4324422079212915689
7848594528992959860
14052815761482839655
5094125031964451243
13751888466876415259
3679418434085422437
14694001604546163436
1610238530266319047
4945958721941331566
8043022675794348859
7701100292190099999
13335496043120158152
8648257330824498057
6310972829179443450
17981169460631515557
17633140610521796339
15517987295940989861
2200272632048192908
2633614017024355839
1216549431464151325
5797158629111858537
9754062949343591640
10090736688577223693
2991871981816871748
14377967985296151690
15527832494563056623
6507815698222357208
4644300394892401526
10837509569357428939
10051866384009217422
4267911760413611868
17888060601336876587
15402602975795224510
13350643540747009328
9361520220130484719
17692039220525852813
5372531767920014279
13951786709785116743
857885752589676684
2532328412323988159
874461964955745622
9740090337780527973
15947916810387278803
10161653089303251303
11212245010854556970
13227285713152362166
17881901963856116674
8751078411944152913
6030640799502985103
10331870596317732701
13633589261006459276
17344928637822676925
2729357736383579602
9491683202788195642
13351654373184239545
3140127604103024266
5909904581115607174
15870145494228537299
5655235145025320125
7456735400058555608
17676817859079004481
16850942632256205819
15721064713435143855
7786814714754329733
4384170908500114442
8388113966294989492
12563236407893852473
11392107609261380387
879387879997515814
15934046480583666127
15351833028733885651
4864824880436197007
1558515097309574446
16198938004640713401
10844334160506592651
16806665077989628140
6280027483000261161
14541754134229328617
12728967631876722082
11160461410588329565
13721801140915255645
15419695239059252162
18335528797063486398
15258322449354889672
12582839968743241936
8357160180496061496
11592202217471500139
17933896980648181060
16052688609550062297
11935827985522745110
10647741149845198844
16720618181191803924
11265000689070489427
9297630773825699265
16755422190339049003
827384312380369
5671275495787861661
14324021980923717660
18204751229095224678
423684037798155237
4881529728086479075
6441142683348981005
7824066461050353089
16852553799751743980
4586996295849783321
14508748737829401418
5305172370993538136
2395103440696455339
7260529260877937929
9082584852225694531
12050697033796318002
6416162340976914946
13991929417979498585
13583996005429278878
3319417876456830368
7420660318145992333
3095050787784527056
10206792800728452677
15513176542258316112
9403627156316154369
8516181495507069039
9785933614336031238
9755668982678990274
1902894242785181692
15681893052714967857
14878596294046199582
15804712832450946487
17915602380315005110
17279058433292511524
1597633229294463107
14861601981646949862
7257778637240957497
10571078566252490986
10741159996187018057
1683994434816864837
9516932305678905290
6976467947620460689
14081772073327090362
13645439118639674967
6363836191170301787
16989491589172016215
14494151051607923557
12125164429081731277
9900701278335171236
12137302401034220900
38028000341364111
9418302868100168723
17210419858816922861
3037235031192392677
1269566896661934804
496134396659824932
1707470967357238901
2838200931583132271
17710324435064010588
14830042805321533057
578969576281896404
6240286174742733061
16348437014364290333
5455289524790984779
15690268126168815740
6271801217652062748
3596293845701614509
15022683405654530476
8470541118275714587
13244009130564910702
2231491085900761606
15040656557917518411
16423729608426030487
6423582141937308777
2322923103288308171
191153952724352309
1157887144917745400
11863444043116464608
7322987764247061003
9103799371153797975
4751528667457136455
10661526649493758086
15410375531205447290
9553428239183868057
7822660130871979421
16595729260471868286
14291773244435349252
14757534043698882243
5003549051538303308
1522550863098550754
10162448646143540519
15184449471993665729
13142934202396507895
11571235188833242404
17739253209358842411
6058951001384744447
14412451916253311581
8556299634179057497
6299784101310471105
10918147652662257774
2937050098335375037
13960440027625898608
3997548569789940923
18208418197257083693
13804371397247279451
13006117324620538308
3253703849650784472
13652371565375933554
4182674028047828572
15899118762986887421
3042278431286766400
14375096342337488239
8175443571379790061
22083084562329879
10602358243749654232
2604442496121601416
17328271781430337332
10126329733119481422
4990346800463378515
1505117246373956418
4234114277749842805
17582488320639176516
13360439796185486676
8919628799826044690
9964825682194975582
6946675435635873896
2069061212245185256
14325138613908250683
12932530340463153570
4363143338486053391
16891626715331454282
10953244226320358923
4666397284539445671
16078283288939423137
10446258855844993458
14449403316932114127
1226438345201480852
7242932083677649313
17750313508321235766
5627656064764617684
10389380929956072494
4826770618911289615
7081980375044859427
15632835925570898827
9151289975058210230
8847548051004801375
12593108661173596899
7633463432965860017
1784797333465754734
10048589588712262883
12461377261261569365
12003938729286882824
4438261087621188017
11971569934327455682
4004853337134169898
14818556844386146577
1371144652312077942
16467824173264761603
13346606016163564626
1361992358967702024
6933345759549464064
10914322662462532270
14697025128023777684
5832273353171839282
16111330951306583938
17224873551873964336
14623393310653289534
11915138210513102378
8488265963708737084
7383539949607898348
84260467665437395
8402517905693560576
17315409326797178179
13621054381732141038
6265833602627815513
246616054988991792
3183388718704140702
17136073223722786928
9507473820839672863
9588695240524225296
16901064399161133738
14029992177463569643
8451120234546183049
11478432205837130087
10417141148357276240
8672710069021587397
6974971000416746903
6213680779349561045
10068451733661333276
3967832443554745517
3666595840933742323
5955146997149243202
4847086487759479748
13918167460718303036
5057415787217878239
14206811499866396123
13981707942249112412
14396254294750546609
4438076341676729255
3370095955558792474
1051249788791290902
14266261657002132713
16462164285234869026
14905390469416517197
5663787194395213940
17650458055856885913
11986562342205448831
11122591166138205882
13480562206190062359
14590727975776132365
1011117316532517114
8641471080326644208
14479216613761119672
914182922894864796
4218515099259542853
1662398160815808430
5671973178736762061
16095288558268791135
13488044315218253694
10912826261320688363
435814490779051593
3589419092003442198
9758558702272534299
5873673094333594300
15567556696253041674
16552301765284232215
9634736370723191060
16625848324492791915
9757820761104245475
17557496099173551660
16876169406239869243
14191178605828567803
13150061591275667250
12583012463372071648
3915883983662039742
11936150315985597812
11495513870880185003
16045070416467008601
13538675717643626901
13552789360215422458
16709847020196053863
10272350238434058092
3761474876784262839
13055259067737534382
9455817591187479529
5929204832001436915
8754851494221076958
17445918698196809460
17049383641968558645
15608297740561347967
97822925436065534
8345911539428535642
15632964023974478471
2051169076606407610
4640312558600704162
1781950260500740270
6741829557295557696
8399877076477339585
4563648823717702806
15746929936442731597
10089122128408261653
15659240338544308520
2592098645018293713
9061945439816867632
3945931687004121801
14526117011212303492
8825810309313563991
3087050774108551490
1639509983918484990
9367430213908537692
17865345295158410224
10014299240353981069
12736604152057944348
14697554531995303091
1290259770721065126
15703056233857324463
9887966547048615023
310587351941772277
4883898761684536954
17549369913510061138
5815990406893579424
11278682684003133913
9898056076438692751
11043176626053014812
1158625486040493467
10808038056789545568
15499789439679103305
8754588221607596216
15617061940967765310
6258071023890782649
12405515805836598262
14701802683191837248
13317746001916566951
4824874535306680446
16603271813826449178
5497881042788475452
15157713311382713965
14834588626011117534
9013613361459650195
5946180638968812279
18201669983189345015
10047945174141720469
5125079738088591626
6943410047621876252
2556656672097513578
7882587559598720773
7477996708008574197
5134448838507925346
6267416130590188661
12406175277241043520
3230590417545268028
8989632853098976132
15882788872285644541
12628761742545489349
16461567850923772856
